            0.7     0.50776759   0.0028103765     0.83410807
           0.71     0.50662439   0.0026159863     0.83399577
           0.72     0.50544393   0.0024390348     0.83405375
           0.73      0.5043673   0.0022821796     0.83411758
           0.74      0.5034049   0.0021398549     0.83415008
           0.75     0.50258331   0.0020259193     0.83421863
           0.76     0.50175264   0.0019211589     0.83437981
           0.77     0.50107154     0.00183694     0.83446941
           0.78     0.50034284   0.0017579626     0.83463557
           0.79     0.49976861    0.001704305     0.83468758
            0.8     0.49930606   0.0016619537     0.83474645
           0.81      0.4987714   0.0016293173      0.8350077
           0.82     0.49838232   0.0016133435     0.83512065
           0.83     0.49806436   0.0016102436     0.83533793
           0.84     0.49775658   0.0016158291     0.83549166
           0.85     0.49751638   0.0016324743     0.83570257
           0.86     0.49734002   0.0016624687     0.83601927
           0.87     0.49721294   0.0017031658     0.83607555
           0.88     0.49707888   0.0017505759     0.83638585
           0.89      0.4970954   0.0018093852     0.83662055
