            0.5      3.7424191    0.021363538     0.51913261
           0.55      3.7395594    0.021957518     0.51733865
            0.6      3.7377638    0.023315026     0.51581869
           0.65      3.7367298    0.025217815     0.51434315
            0.7        3.73618    0.027517036     0.51293624
           0.75      3.7358601    0.030083671     0.51184354
            0.8      3.7359676    0.032886518     0.51067216
           0.85      3.7363461    0.035899668     0.50966074
            0.9      3.7367447    0.038947304     0.50863981
           0.95       3.737328    0.042116727     0.50790362
              1      3.7379568    0.045306809     0.50700488
           1.05      3.7385529    0.048524951     0.50626337
