            0.7      3.9058483     0.32114377     0.50531979
           0.71      3.8908341     0.29179639     0.50534043
           0.72      3.8763767      0.2647787      0.5054068
           0.73      3.8630453     0.23923288     0.50538707
           0.74      3.8502827     0.21551381     0.50558281
           0.75      3.8386262     0.19395296      0.5057395
           0.76      3.8273917     0.17367711     0.50592692
           0.77       3.816664     0.15515963     0.50616968
           0.78      3.8069882     0.13799894     0.50625411
           0.79      3.7981994     0.12254114     0.50660836
            0.8      3.7898386     0.10833652      0.5069349
           0.81      3.7817083     0.09531606     0.50730567
           0.82      3.7746497    0.083718581     0.50770472
           0.83        3.76812    0.073320196     0.50804199
           0.84      3.7618171    0.063932636     0.50850951
           0.85      3.7562815    0.055785609     0.50901222
           0.86      3.7513555    0.048701745     0.50945758
           0.87      3.7466581    0.042556249     0.51012732
           0.88      3.7425028    0.037444712     0.51064962
           0.89      3.7390833    0.033359236     0.51116212
            0.9      3.7359939    0.030123247     0.51173039
           0.91      3.7332071    0.027728414     0.51233545
           0.92      3.7308821    0.026223369     0.51308586
           0.93      3.7291211    0.025557202     0.51373769
           0.94      3.7275522    0.025623088      0.5143919
           0.95       3.726407    0.026484799     0.51519778
           0.96      3.7256026    0.028053322     0.51586877
           0.97      3.7252098    0.030384503     0.51662653
           0.98      3.7252049    0.033374797     0.51749075
           0.99      3.7255621     0.03704848     0.51819927
              1       3.726108    0.041358512     0.51907479
           1.01      3.7270689    0.046325508     0.51990159
           1.02      3.7282918    0.051844356     0.52072967
           1.03      3.7298533     0.05796655      0.5216319
           1.04      3.7317413    0.064675008     0.52251145
           1.05      3.7339879    0.072015977     0.52350872
           1.06      3.7364665    0.079854008     0.52438504
           1.07       3.739332    0.088202096     0.52540003
           1.08      3.7419161    0.097021902     0.52628388
           1.09      3.7453927     0.10644089     0.52729797
