            0.5      4.3325753      1.4505532       0.497037
           0.55      4.1607886      1.0335576     0.49175805
            0.6        4.03183      0.7414876     0.48813315
           0.65      3.9366258     0.53856648     0.48585644
            0.7      3.8677306      0.4090388     0.48510498
           0.75      3.8198379     0.32016941     0.48530908
            0.8      3.7896488      0.2738505     0.48644017
           0.85      3.7736133     0.25490915     0.48842875
            0.9      3.7697324     0.26693159      0.4912362
           0.95        3.77585     0.31106118     0.49456582
              1      3.7907515     0.35130872     0.49860454
           1.05      3.8128813     0.41427867     0.50303034
            1.1      3.8422171      0.4961666     0.50783914
           1.15      3.8768767      0.5801783     0.51320033
            1.2      3.9159886     0.68277843      0.5188242
           1.25      3.9600279     0.78874402     0.52491754
            1.3      4.0078286     0.91165227      0.5310485
           1.35      4.0588792       1.043466     0.53764536
            1.4      4.1125747      1.1760293     0.54433063
           1.45       4.169198      1.3177012     0.55119936
