            0.7      2.0862761    0.079695356     0.64219607
           0.71      2.0780267    0.072094662     0.64213188
           0.72      2.0707347    0.065218147     0.64222288
           0.73      2.0637601    0.058865146     0.64233272
           0.74      2.0570314    0.052889378     0.64241025
           0.75      2.0511444    0.047492368     0.64253372
           0.76       2.045147    0.042375993     0.64282876
           0.77      2.0396574    0.037701283     0.64293333
           0.78      2.0346231    0.033443755     0.64316662
           0.79      2.0300446    0.029593112     0.64335412
            0.8      2.0255149    0.025980491     0.64358738
           0.81      2.0214419    0.022816809     0.64392152
           0.82      2.0176326    0.019930851     0.64422464
           0.83      2.0141817     0.01738166     0.64460255
           0.84      2.0110209    0.015113472     0.64489808
           0.85      2.0079832    0.013104063     0.64535022
           0.86      2.0053064    0.011409256     0.64572813
           0.87      2.0028739   0.0099671008     0.64613508
           0.88        2.00084   0.0087926298     0.64655268
           0.89      1.9988948   0.0078459574     0.64710368
            0.9      1.9971516   0.0071363911     0.64752265
           0.91      1.9956751   0.0066467252     0.64806065
           0.92      1.9944606   0.0063874747     0.64854881
           0.93      1.9933893   0.0063319494     0.64896046
           0.94      1.9925017   0.0064771366     0.64956083
           0.95      1.9918988   0.0068334171     0.65018343
           0.96      1.9914712   0.0073701257     0.65081916
           0.97      1.9911964   0.0080963164     0.65144304
           0.98      1.9911591   0.0089966919     0.65205261
           0.99      1.9911186    0.010066723     0.65262507
              1      1.9912961      0.0113111     0.65325629
           1.01       1.991858    0.012699259     0.65404027
           1.02      1.9923553    0.014258886      0.6547028
           1.03      1.9931422    0.015977395     0.65540398
           1.04      1.9939085    0.017836788     0.65602219
           1.05      1.9948676    0.019823496     0.65681392
           1.06      1.9960148    0.021982172     0.65754342
           1.07      1.9974158    0.024234097     0.65832991
           1.08      1.9987086       0.026663      0.6590624
           1.09      2.0004594    0.029198885     0.65986042
            1.1      2.0019641    0.031841127     0.66058329
           1.11      2.0037472    0.034670358     0.66140598
           1.12      2.0056603    0.037540786     0.66225333
           1.13      2.0076928    0.040555517     0.66296426
           1.14      2.0097139    0.043725711     0.66376607
           1.15      2.0119896    0.046987225     0.66462933
           1.16      2.0143253    0.050308195     0.66550502
           1.17      2.0168801    0.053782249     0.66635452
           1.18      2.0192754     0.05738961     0.66721754
           1.19      2.0222783    0.060994107     0.66815165
