            0.5      3.7735935      15.926858     0.49698822
           0.55      3.5757489      13.995052     0.49174102
            0.6       3.420609      12.556711      0.4880559
           0.65        3.30068      11.488276     0.48593851
            0.7      3.2075444      10.687489     0.48506981
           0.75      3.1367452       10.09504     0.48523983
            0.8      3.0836522      9.6609961       0.486401
           0.85      3.0460514      9.3586635     0.48843155
            0.9      3.0205087      9.1569694      0.4911892
           0.95      3.0056945      9.0421177     0.49461608
              1              3              9     0.49854357
           1.05      3.0022909      9.0208823     0.50291757
            1.1      3.0112435      9.0949045     0.50794402
           1.15      3.0266089       9.219198     0.51333112
            1.2       3.046594      9.3824328     0.51882001
           1.25      3.0718102      9.5874234     0.52478633
            1.3      3.1017369       9.830846     0.53115846
           1.35      3.1341954      10.099777     0.53759389
            1.4      3.1706964      10.403405     0.54427827
           1.45       3.210128      10.734657     0.55120015
